0 0 1
0 0.00392156862745098 0.998039215686275
0 0.00784313725490196 0.996078431372549
0 0.0117647058823529 0.994117647058824
0 0.0156862745098039 0.992156862745098
0 0.0196078431372549 0.990196078431373
0 0.0235294117647059 0.988235294117647
0 0.0274509803921569 0.986274509803922
0 0.0313725490196078 0.984313725490196
0 0.0352941176470588 0.982352941176471
0 0.0392156862745098 0.980392156862745
0 0.0431372549019608 0.97843137254902
0 0.0470588235294118 0.976470588235294
0 0.0509803921568627 0.974509803921569
0 0.0549019607843137 0.972549019607843
0 0.0588235294117647 0.970588235294118
0 0.0627450980392157 0.968627450980392
0 0.0666666666666667 0.966666666666667
0 0.0705882352941176 0.964705882352941
0 0.0745098039215686 0.962745098039216
0 0.0784313725490196 0.96078431372549
0 0.0823529411764706 0.958823529411765
0 0.0862745098039216 0.956862745098039
0 0.0901960784313725 0.954901960784314
0 0.0941176470588235 0.952941176470588
0 0.0980392156862745 0.950980392156863
0 0.101960784313725 0.949019607843137
0 0.105882352941176 0.947058823529412
0 0.109803921568627 0.945098039215686
0 0.113725490196078 0.943137254901961
0 0.117647058823529 0.941176470588235
0 0.12156862745098 0.93921568627451
0 0.125490196078431 0.937254901960784
0 0.129411764705882 0.935294117647059
0 0.133333333333333 0.933333333333333
0 0.137254901960784 0.931372549019608
0 0.141176470588235 0.929411764705882
0 0.145098039215686 0.927450980392157
0 0.149019607843137 0.925490196078431
0 0.152941176470588 0.923529411764706
0 0.156862745098039 0.92156862745098
0 0.16078431372549 0.919607843137255
0 0.164705882352941 0.917647058823529
0 0.168627450980392 0.915686274509804
0 0.172549019607843 0.913725490196078
0 0.176470588235294 0.911764705882353
0 0.180392156862745 0.909803921568627
0 0.184313725490196 0.907843137254902
0 0.188235294117647 0.905882352941176
0 0.192156862745098 0.903921568627451
0 0.196078431372549 0.901960784313726
0 0.2 0.9
0 0.203921568627451 0.898039215686275
0 0.207843137254902 0.896078431372549
0 0.211764705882353 0.894117647058823
0 0.215686274509804 0.892156862745098
0 0.219607843137255 0.890196078431372
0 0.223529411764706 0.888235294117647
0 0.227450980392157 0.886274509803922
0 0.231372549019608 0.884313725490196
0 0.235294117647059 0.882352941176471
0 0.23921568627451 0.880392156862745
0 0.243137254901961 0.87843137254902
0 0.247058823529412 0.876470588235294
0 0.250980392156863 0.874509803921569
0 0.254901960784314 0.872549019607843
0 0.258823529411765 0.870588235294118
0 0.262745098039216 0.868627450980392
0 0.266666666666667 0.866666666666667
0 0.270588235294118 0.864705882352941
0 0.274509803921569 0.862745098039216
0 0.27843137254902 0.86078431372549
0 0.282352941176471 0.858823529411765
0 0.286274509803922 0.856862745098039
0 0.290196078431373 0.854901960784314
0 0.294117647058824 0.852941176470588
0 0.298039215686275 0.850980392156863
0 0.301960784313725 0.849019607843137
0 0.305882352941176 0.847058823529412
0 0.309803921568627 0.845098039215686
0 0.313725490196078 0.843137254901961
0 0.317647058823529 0.841176470588235
0 0.32156862745098 0.83921568627451
0 0.325490196078431 0.837254901960784
0 0.329411764705882 0.835294117647059
0 0.333333333333333 0.833333333333333
0 0.337254901960784 0.831372549019608
0 0.341176470588235 0.829411764705882
0 0.345098039215686 0.827450980392157
0 0.349019607843137 0.825490196078431
0 0.352941176470588 0.823529411764706
0 0.356862745098039 0.82156862745098
0 0.36078431372549 0.819607843137255
0 0.364705882352941 0.817647058823529
0 0.368627450980392 0.815686274509804
0 0.372549019607843 0.813725490196078
0 0.376470588235294 0.811764705882353
0 0.380392156862745 0.809803921568627
0 0.384313725490196 0.807843137254902
0 0.388235294117647 0.805882352941176
0 0.392156862745098 0.803921568627451
0 0.396078431372549 0.801960784313726
0 0.4 0.8
0 0.403921568627451 0.798039215686275
0 0.407843137254902 0.796078431372549
0 0.411764705882353 0.794117647058824
0 0.415686274509804 0.792156862745098
0 0.419607843137255 0.790196078431373
0 0.423529411764706 0.788235294117647
0 0.427450980392157 0.786274509803922
0 0.431372549019608 0.784313725490196
0 0.435294117647059 0.782352941176471
0 0.43921568627451 0.780392156862745
0 0.443137254901961 0.77843137254902
0 0.447058823529412 0.776470588235294
0 0.450980392156863 0.774509803921569
0 0.454901960784314 0.772549019607843
0 0.458823529411765 0.770588235294118
0 0.462745098039216 0.768627450980392
0 0.466666666666667 0.766666666666667
0 0.470588235294118 0.764705882352941
0 0.474509803921569 0.762745098039216
0 0.47843137254902 0.76078431372549
0 0.482352941176471 0.758823529411765
0 0.486274509803922 0.756862745098039
0 0.490196078431373 0.754901960784314
0 0.494117647058824 0.752941176470588
0 0.498039215686275 0.750980392156863
0 0.501960784313725 0.749019607843137
0 0.505882352941176 0.747058823529412
0 0.509803921568627 0.745098039215686
0 0.513725490196078 0.743137254901961
0 0.517647058823529 0.741176470588235
0 0.52156862745098 0.73921568627451
0 0.525490196078431 0.737254901960784
0 0.529411764705882 0.735294117647059
0 0.533333333333333 0.733333333333333
0 0.537254901960784 0.731372549019608
0 0.541176470588235 0.729411764705882
0 0.545098039215686 0.727450980392157
0 0.549019607843137 0.725490196078431
0 0.552941176470588 0.723529411764706
0 0.556862745098039 0.72156862745098
0 0.56078431372549 0.719607843137255
0 0.564705882352941 0.717647058823529
0 0.568627450980392 0.715686274509804
0 0.572549019607843 0.713725490196078
0 0.576470588235294 0.711764705882353
0 0.580392156862745 0.709803921568627
0 0.584313725490196 0.707843137254902
0 0.588235294117647 0.705882352941176
0 0.592156862745098 0.703921568627451
0 0.596078431372549 0.701960784313725
0 0.6 0.7
0 0.603921568627451 0.698039215686274
0 0.607843137254902 0.696078431372549
0 0.611764705882353 0.694117647058824
0 0.615686274509804 0.692156862745098
0 0.619607843137255 0.690196078431373
0 0.623529411764706 0.688235294117647
0 0.627450980392157 0.686274509803922
0 0.631372549019608 0.684313725490196
0 0.635294117647059 0.682352941176471
0 0.63921568627451 0.680392156862745
0 0.643137254901961 0.67843137254902
0 0.647058823529412 0.676470588235294
0 0.650980392156863 0.674509803921569
0 0.654901960784314 0.672549019607843
0 0.658823529411765 0.670588235294118
0 0.662745098039216 0.668627450980392
0 0.666666666666667 0.666666666666667
0 0.670588235294118 0.664705882352941
0 0.674509803921569 0.662745098039216
0 0.67843137254902 0.66078431372549
0 0.682352941176471 0.658823529411765
0 0.686274509803922 0.656862745098039
0 0.690196078431373 0.654901960784314
0 0.694117647058824 0.652941176470588
0 0.698039215686274 0.650980392156863
0 0.701960784313725 0.649019607843137
0 0.705882352941177 0.647058823529412
0 0.709803921568627 0.645098039215686
0 0.713725490196078 0.643137254901961
0 0.717647058823529 0.641176470588235
0 0.72156862745098 0.63921568627451
0 0.725490196078431 0.637254901960784
0 0.729411764705882 0.635294117647059
0 0.733333333333333 0.633333333333333
0 0.737254901960784 0.631372549019608
0 0.741176470588235 0.629411764705882
0 0.745098039215686 0.627450980392157
0 0.749019607843137 0.625490196078431
0 0.752941176470588 0.623529411764706
0 0.756862745098039 0.62156862745098
0 0.76078431372549 0.619607843137255
0 0.764705882352941 0.617647058823529
0 0.768627450980392 0.615686274509804
0 0.772549019607843 0.613725490196078
0 0.776470588235294 0.611764705882353
0 0.780392156862745 0.609803921568628
0 0.784313725490196 0.607843137254902
0 0.788235294117647 0.605882352941177
0 0.792156862745098 0.603921568627451
0 0.796078431372549 0.601960784313726
0 0.8 0.6
0 0.803921568627451 0.598039215686274
0 0.807843137254902 0.596078431372549
0 0.811764705882353 0.594117647058824
0 0.815686274509804 0.592156862745098
0 0.819607843137255 0.590196078431373
0 0.823529411764706 0.588235294117647
0 0.827450980392157 0.586274509803922
0 0.831372549019608 0.584313725490196
0 0.835294117647059 0.582352941176471
0 0.83921568627451 0.580392156862745
0 0.843137254901961 0.57843137254902
0 0.847058823529412 0.576470588235294
0 0.850980392156863 0.574509803921569
0 0.854901960784314 0.572549019607843
0 0.858823529411765 0.570588235294118
0 0.862745098039216 0.568627450980392
0 0.866666666666667 0.566666666666667
0 0.870588235294118 0.564705882352941
0 0.874509803921569 0.562745098039216
0 0.87843137254902 0.56078431372549
0 0.882352941176471 0.558823529411765
0 0.886274509803922 0.556862745098039
0 0.890196078431372 0.554901960784314
0 0.894117647058824 0.552941176470588
0 0.898039215686275 0.550980392156863
0 0.901960784313726 0.549019607843137
0 0.905882352941176 0.547058823529412
0 0.909803921568627 0.545098039215686
0 0.913725490196078 0.543137254901961
0 0.917647058823529 0.541176470588235
0 0.92156862745098 0.53921568627451
0 0.925490196078431 0.537254901960784
0 0.929411764705882 0.535294117647059
0 0.933333333333333 0.533333333333333
0 0.937254901960784 0.531372549019608
0 0.941176470588235 0.529411764705882
0 0.945098039215686 0.527450980392157
0 0.949019607843137 0.525490196078431
0 0.952941176470588 0.523529411764706
0 0.956862745098039 0.52156862745098
0 0.96078431372549 0.519607843137255
0 0.964705882352941 0.517647058823529
0 0.968627450980392 0.515686274509804
0 0.972549019607843 0.513725490196078
0 0.976470588235294 0.511764705882353
0 0.980392156862745 0.509803921568627
0 0.984313725490196 0.507843137254902
0 0.988235294117647 0.505882352941176
0 0.992156862745098 0.503921568627451
0 0.996078431372549 0.501960784313725
0 1 0.5
