0.000000	0	0.005421	0.500000	0.500000	1.000000
0.005421	1	0.005392	0.499737	0.500028	0.999765
0.010813	2	0.005364	0.499435	0.500096	0.999531
0.016177	3	0.005337	0.499097	0.500203	0.999299
0.021515	4	0.005312	0.498722	0.500347	0.999069
0.026827	5	0.005288	0.498311	0.500529	0.998840
0.032115	6	0.005265	0.497866	0.500747	0.998612
0.037380	7	0.005243	0.497386	0.501000	0.998386
0.042624	8	0.005220	0.496874	0.501287	0.998161
0.047844	9	0.005197	0.496329	0.501608	0.997937
0.053041	10	0.005176	0.495754	0.501961	0.997715
0.058217	11	0.005156	0.495147	0.502346	0.997493
0.063373	12	0.005136	0.494512	0.502761	0.997273
0.068509	13	0.005117	0.493847	0.503206	0.997053
0.073626	14	0.005098	0.493154	0.503680	0.996834
0.078724	15	0.005081	0.492435	0.504182	0.996616
0.083805	16	0.005064	0.491689	0.504710	0.996399
0.088869	17	0.005047	0.490918	0.505265	0.996183
0.093916	18	0.005031	0.490122	0.505846	0.995967
0.098947	19	0.005016	0.489302	0.506450	0.995752
0.103963	20	0.005001	0.488459	0.507079	0.995538
0.108964	21	0.004986	0.487593	0.507730	0.995324
0.113950	22	0.004971	0.486707	0.508403	0.995110
0.118920	23	0.004956	0.485800	0.509097	0.994897
0.123877	24	0.004942	0.484873	0.509811	0.994684
0.128819	25	0.004929	0.483927	0.510545	0.994472
0.133748	26	0.004916	0.482963	0.511297	0.994260
0.138664	27	0.004904	0.481982	0.512067	0.994049
0.143568	28	0.004891	0.480983	0.512854	0.993838
0.148459	29	0.004880	0.479969	0.513658	0.993627
0.153339	30	0.004868	0.478939	0.514477	0.993416
0.158207	31	0.004857	0.477895	0.515310	0.993205
0.163064	32	0.004847	0.476836	0.516158	0.992994
0.167911	33	0.004822	0.475765	0.517019	0.992784
0.172733	34	0.004785	0.474683	0.517891	0.992574
0.177519	35	0.004749	0.473597	0.518769	0.992366
0.182268	36	0.004711	0.472505	0.519654	0.992159
0.186979	37	0.004675	0.471410	0.520544	0.991954
0.191654	38	0.004639	0.470311	0.521439	0.991750
0.196293	39	0.004605	0.469210	0.522337	0.991548
0.200898	40	0.004572	0.468108	0.523239	0.991347
0.205470	41	0.004540	0.467003	0.524144	0.991147
0.210009	42	0.004508	0.465897	0.525051	0.990948
0.214518	43	0.004478	0.464791	0.525959	0.990750
0.218996	44	0.004449	0.463684	0.526869	0.990554
0.223444	45	0.004420	0.462578	0.527780	0.990358
0.227865	46	0.004393	0.461472	0.528692	0.990164
0.232257	47	0.004366	0.460366	0.529603	0.989970
0.236623	48	0.004340	0.459262	0.530515	0.989777
0.240963	49	0.004315	0.458159	0.531426	0.989585
0.245278	50	0.004290	0.457058	0.532335	0.989393
0.249568	51	0.004267	0.455958	0.533244	0.989202
0.253835	52	0.004244	0.454861	0.534151	0.989012
0.258079	53	0.004222	0.453766	0.535057	0.988822
0.262301	54	0.004200	0.452673	0.535960	0.988633
0.266501	55	0.004180	0.451583	0.536862	0.988445
0.270680	56	0.004159	0.450496	0.537761	0.988257
0.274840	57	0.004140	0.449412	0.538657	0.988069
0.278980	58	0.004120	0.448332	0.539550	0.987882
0.283100	59	0.004101	0.447255	0.540440	0.987695
0.287201	60	0.004083	0.446181	0.541327	0.987508
0.291284	61	0.004065	0.445112	0.542211	0.987322
0.295349	62	0.004049	0.444046	0.543090	0.987136
0.299398	63	0.004032	0.442984	0.543966	0.986951
0.303430	64	0.004017	0.441927	0.544838	0.986765
0.307447	65	0.004001	0.440873	0.545707	0.986580
0.311448	66	0.003987	0.439824	0.546571	0.986394
0.315435	67	0.003973	0.438778	0.547431	0.986209
0.319408	68	0.003960	0.437738	0.548286	0.986024
0.323368	69	0.003947	0.436701	0.549138	0.985839
0.327315	70	0.003934	0.435669	0.549984	0.985654
0.331249	71	0.003923	0.434642	0.550827	0.985468
0.335172	72	0.003911	0.433619	0.551664	0.985283
0.339083	73	0.003901	0.432600	0.552498	0.985098
0.342983	74	0.003890	0.431586	0.553326	0.984912
0.346874	75	0.003880	0.430577	0.554150	0.984726
0.350754	76	0.003870	0.429572	0.554968	0.984540
0.354624	77	0.003859	0.428572	0.555782	0.984354
0.358483	78	0.003849	0.427577	0.556590	0.984168
0.362332	79	0.003839	0.426588	0.557394	0.983981
0.366171	80	0.003830	0.425603	0.558191	0.983795
0.370002	81	0.003822	0.424624	0.558984	0.983607
0.373824	82	0.003814	0.423649	0.559771	0.983420
0.377637	83	0.003806	0.422680	0.560553	0.983232
0.381444	84	0.003799	0.421715	0.561329	0.983044
0.385243	85	0.003793	0.420756	0.562100	0.982856
0.389036	86	0.003787	0.419801	0.562866	0.982667
0.392823	87	0.003781	0.418852	0.563626	0.982478
0.396604	88	0.003776	0.417907	0.564381	0.982288
0.400381	89	0.003772	0.416967	0.565130	0.982097
0.404152	90	0.003767	0.416032	0.565874	0.981906
0.407920	91	0.003764	0.415101	0.566613	0.981715
0.411683	92	0.003760	0.414176	0.567346	0.981522
0.415444	93	0.003758	0.413255	0.568074	0.981329
0.419201	94	0.003755	0.412339	0.568797	0.981136
0.422956	95	0.003753	0.411428	0.569514	0.980941
0.426710	96	0.003752	0.410521	0.570226	0.980746
0.430461	97	0.003751	0.409619	0.570932	0.980550
0.434212	98	0.003750	0.408721	0.571633	0.980354
0.437962	99	0.003750	0.407828	0.572328	0.980156
0.441711	100	0.003750	0.406939	0.573018	0.979958
0.445461	101	0.003750	0.406055	0.573703	0.979758
0.449212	102	0.003751	0.405176	0.574382	0.979558
0.452963	103	0.003753	0.404300	0.575056	0.979356
0.456716	104	0.003755	0.403429	0.575725	0.979154
0.460470	105	0.003757	0.402563	0.576388	0.978951
0.464227	106	0.003760	0.401701	0.577045	0.978746
0.467987	107	0.003763	0.400843	0.577698	0.978540
0.471749	108	0.003766	0.399989	0.578345	0.978333
0.475516	109	0.003770	0.399139	0.578986	0.978125
0.479286	110	0.003774	0.398294	0.579622	0.977916
0.483060	111	0.003779	0.397453	0.580253	0.977705
0.486839	112	0.003784	0.396615	0.580878	0.977493
0.490623	113	0.003790	0.395782	0.581498	0.977280
0.494413	114	0.003796	0.394953	0.582112	0.977065
0.498208	115	0.003802	0.394128	0.582721	0.976849
0.502010	116	0.003809	0.393307	0.583325	0.976632
0.505819	117	0.003816	0.392490	0.583923	0.976412
0.509635	118	0.003824	0.391676	0.584516	0.976192
0.513458	119	0.003832	0.390867	0.585103	0.975969
0.517290	120	0.003840	0.390061	0.585684	0.975746
0.521130	121	0.003848	0.389259	0.586261	0.975520
0.524978	122	0.003857	0.388461	0.586831	0.975293
0.528835	123	0.003867	0.387667	0.587396	0.975064
0.532702	124	0.003877	0.386877	0.587956	0.974833
0.536579	125	0.003887	0.386090	0.588510	0.974600
0.540466	126	0.003898	0.385307	0.589058	0.974365
0.544364	127	0.003909	0.384528	0.589601	0.974129
0.548273	128	0.003921	0.383752	0.590138	0.973890
0.552193	129	0.003933	0.382980	0.590670	0.973650
0.556126	130	0.003946	0.382211	0.591196	0.973407
0.560072	131	0.003959	0.381446	0.591716	0.973162
0.564030	132	0.003972	0.380685	0.592231	0.972915
0.568003	133	0.003986	0.379926	0.592739	0.972666
0.571989	134	0.004001	0.379172	0.593242	0.972414
0.575990	135	0.004016	0.378420	0.593740	0.972160
0.580006	136	0.004032	0.377673	0.594231	0.971904
0.584038	137	0.004048	0.376928	0.594717	0.971645
0.588086	138	0.004065	0.376187	0.595197	0.971383
0.592150	139	0.004082	0.375449	0.595671	0.971119
0.596232	140	0.004085	0.374714	0.596139	0.970852
0.600317	141	0.004084	0.373985	0.596599	0.970584
0.604401	142	0.004083	0.373262	0.597052	0.970314
0.608484	143	0.004082	0.372546	0.597496	0.970043
0.612566	144	0.004081	0.371837	0.597933	0.969770
0.616646	145	0.004080	0.371134	0.598362	0.969496
0.620727	146	0.004080	0.370438	0.598783	0.969221
0.624806	147	0.004080	0.369748	0.599196	0.968944
0.628886	148	0.004079	0.369064	0.599602	0.968666
0.632965	149	0.004080	0.368387	0.600000	0.968386
0.637045	150	0.004080	0.367715	0.600390	0.968105
0.641125	151	0.004081	0.367050	0.600772	0.967822
0.645206	152	0.004081	0.366391	0.601147	0.967538
0.649287	153	0.004082	0.365738	0.601514	0.967252
0.653369	154	0.004083	0.365091	0.601874	0.966965
0.657453	155	0.004085	0.364449	0.602226	0.966676
0.661537	156	0.004086	0.363814	0.602571	0.966385
0.665624	157	0.004088	0.363184	0.602909	0.966093
0.669711	158	0.004090	0.362560	0.603238	0.965799
0.673801	159	0.004092	0.361942	0.603561	0.965503
0.677893	160	0.004094	0.361330	0.603876	0.965206
0.681987	161	0.004097	0.360722	0.604184	0.964907
0.686084	162	0.004099	0.360121	0.604485	0.964606
0.690183	163	0.004102	0.359525	0.604779	0.964303
0.694285	164	0.004105	0.358934	0.605065	0.963999
0.698390	165	0.004108	0.358349	0.605344	0.963693
0.702499	166	0.004112	0.357769	0.605616	0.963385
0.706610	167	0.004115	0.357194	0.605881	0.963075
0.710725	168	0.004119	0.356624	0.606139	0.962763
0.714844	169	0.004123	0.356060	0.606389	0.962449
0.718967	170	0.004127	0.355500	0.606633	0.962133
0.723094	171	0.004131	0.354946	0.606870	0.961815
0.727225	172	0.004135	0.354396	0.607100	0.961496
0.731360	173	0.004140	0.353852	0.607322	0.961174
0.735500	174	0.004145	0.353312	0.607538	0.960850
0.739645	175	0.004150	0.352777	0.607747	0.960525
0.743795	176	0.004155	0.352247	0.607950	0.960197
0.747949	177	0.004160	0.351722	0.608145	0.959867
0.752109	178	0.004165	0.351201	0.608334	0.959535
0.756275	179	0.004171	0.350685	0.608515	0.959201
0.760446	180	0.004177	0.350174	0.608690	0.958865
0.764623	181	0.004183	0.349667	0.608859	0.958526
0.768805	182	0.004189	0.349165	0.609021	0.958185
0.772994	183	0.004195	0.348667	0.609176	0.957842
0.777189	184	0.004201	0.348173	0.609324	0.957497
0.781391	185	0.004208	0.347684	0.609466	0.957150
0.785599	186	0.004215	0.347199	0.609601	0.956800
0.789813	187	0.004221	0.346719	0.609730	0.956448
0.794035	188	0.004228	0.346242	0.609852	0.956094
0.798263	189	0.004235	0.345770	0.609967	0.955737
0.802498	190	0.004242	0.345302	0.610076	0.955378
0.806741	191	0.004250	0.344838	0.610179	0.955016
0.810990	192	0.004257	0.344378	0.610275	0.954653
0.815248	193	0.004265	0.343922	0.610365	0.954286
0.819513	194	0.004273	0.343469	0.610448	0.953918
0.823786	195	0.004281	0.343021	0.610525	0.953546
0.828067	196	0.004289	0.342577	0.610596	0.953173
0.832356	197	0.004297	0.342136	0.610660	0.952796
0.836653	198	0.004306	0.341699	0.610718	0.952418
0.840959	199	0.004315	0.341266	0.610770	0.952036
0.845274	200	0.004324	0.340837	0.610815	0.951652
0.849597	201	0.004333	0.340411	0.610855	0.951266
0.853930	202	0.004342	0.339989	0.610888	0.950876
0.858272	203	0.004351	0.339570	0.610915	0.950485
0.862623	204	0.004361	0.339154	0.610936	0.950090
0.866983	205	0.004361	0.338742	0.610950	0.949693
0.871345	206	0.004350	0.338335	0.610959	0.949294
0.875695	207	0.004340	0.337932	0.610962	0.948894
0.880034	208	0.004329	0.337535	0.610958	0.948494
0.884364	209	0.004320	0.337143	0.610950	0.948093
0.888683	210	0.004311	0.336756	0.610935	0.947691
0.892994	211	0.004302	0.336373	0.610915	0.947289
0.897296	212	0.004294	0.335996	0.610890	0.946885
0.901590	213	0.004286	0.335622	0.610859	0.946481
0.905876	214	0.004279	0.335254	0.610823	0.946077
0.910154	215	0.004272	0.334889	0.610782	0.945671
0.914427	216	0.004266	0.334529	0.610736	0.945264
0.918692	217	0.004260	0.334172	0.610684	0.944857
0.922953	218	0.004255	0.333820	0.610628	0.944448
0.927207	219	0.004250	0.333472	0.610567	0.944039
0.931457	220	0.004245	0.333127	0.610501	0.943628
0.935703	221	0.004241	0.332786	0.610430	0.943217
0.939944	222	0.004238	0.332449	0.610355	0.942804
0.944182	223	0.004235	0.332115	0.610275	0.942390
0.948417	224	0.004232	0.331784	0.610191	0.941975
0.952649	225	0.004230	0.331457	0.610101	0.941558
0.956878	226	0.004226	0.331133	0.610008	0.941141
0.961104	227	0.004223	0.330812	0.609910	0.940722
0.965327	228	0.004220	0.330494	0.609808	0.940302
0.969547	229	0.004217	0.330180	0.609701	0.939881
0.973764	230	0.004216	0.329868	0.609591	0.939459
0.977980	231	0.004214	0.329560	0.609476	0.939035
0.982194	232	0.004213	0.329254	0.609357	0.938611
0.986407	233	0.004212	0.328951	0.609234	0.938184
0.990619	234	0.004212	0.328650	0.609107	0.937757
0.994831	235	0.004212	0.328353	0.608975	0.937328
0.999043	236	0.004213	0.328058	0.608840	0.936898
1.003256	237	0.004214	0.327765	0.608701	0.936466
1.007470	238	0.004215	0.327475	0.608558	0.936033
1.011685	239	0.004217	0.327187	0.608412	0.935598
1.015902	240	0.004219	0.326901	0.608261	0.935162
1.020121	241	0.004222	0.326617	0.608106	0.934724
1.024343	242	0.004225	0.326336	0.607948	0.934284
1.028569	243	0.004229	0.326056	0.607786	0.933842
1.032798	244	0.004233	0.325779	0.607620	0.933399
1.037031	245	0.004235	0.325504	0.607450	0.932954
1.041265	246	0.004237	0.325230	0.607277	0.932507
1.045502	247	0.004239	0.324959	0.607100	0.932059
1.049741	248	0.004242	0.324690	0.606920	0.931609
1.053983	249	0.004245	0.324422	0.606736	0.931158
1.058228	250	0.004249	0.324157	0.606548	0.930705
1.062477	251	0.004253	0.323893	0.606357	0.930250
1.066731	252	0.004258	0.323631	0.606163	0.929793
1.070989	253	0.004263	0.323370	0.605964	0.929335
1.075253	254	0.004269	0.323111	0.605763	0.928874
1.079522	255	0.004274	0.322854	0.605558	0.928412
1.083796	256	0.004272	0.322599	0.605349	0.927948
1.088068	257	0.004271	0.322345	0.605138	0.927482
1.092339	258	0.004270	0.322093	0.604923	0.927016
1.096609	259	0.004270	0.321843	0.604705	0.926549
1.100879	260	0.004270	0.321595	0.604485	0.926080
1.105148	261	0.004270	0.321349	0.604261	0.925610
1.109418	262	0.004271	0.321104	0.604035	0.925139
1.113689	263	0.004272	0.320861	0.603805	0.924666
1.117961	264	0.004273	0.320620	0.603573	0.924193
1.122234	265	0.004275	0.320380	0.603338	0.923718
1.126508	266	0.004276	0.320141	0.603100	0.923241
1.130785	267	0.004277	0.319905	0.602859	0.922763
1.135062	268	0.004278	0.319669	0.602615	0.922284
1.139340	269	0.004280	0.319435	0.602369	0.921804
1.143620	270	0.004282	0.319203	0.602120	0.921323
1.147901	271	0.004284	0.318972	0.601868	0.920840
1.152185	272	0.004287	0.318742	0.601613	0.920355
1.156472	273	0.004290	0.318514	0.601356	0.919870
1.160762	274	0.004293	0.318286	0.601096	0.919382
1.165055	275	0.004297	0.318061	0.600833	0.918893
1.169353	276	0.004301	0.317836	0.600567	0.918403
1.173654	277	0.004306	0.317612	0.600299	0.917911
1.177960	278	0.004311	0.317389	0.600028	0.917418
1.182271	279	0.004316	0.317168	0.599755	0.916923
1.186588	280	0.004322	0.316947	0.599478	0.916426
1.190910	281	0.004321	0.316728	0.599199	0.915927
1.195230	282	0.004312	0.316510	0.598918	0.915428
1.199542	283	0.004304	0.316293	0.598635	0.914928
1.203846	284	0.004296	0.316079	0.598351	0.914429
1.208142	285	0.004290	0.315865	0.598064	0.913930
1.212432	286	0.004284	0.315654	0.597777	0.913430
1.216715	287	0.004278	0.315444	0.597487	0.912931
1.220993	288	0.004273	0.315235	0.597196	0.912431
1.225267	289	0.004269	0.315027	0.596903	0.911931
1.229536	290	0.004266	0.314821	0.596609	0.911430
1.233802	291	0.004263	0.314617	0.596313	0.910929
1.238065	292	0.004260	0.314413	0.596015	0.910428
1.242325	293	0.004258	0.314211	0.595715	0.909926
1.246583	294	0.004257	0.314009	0.595414	0.909423
1.250840	295	0.004255	0.313809	0.595111	0.908920
1.255096	296	0.004253	0.313610	0.594806	0.908416
1.259349	297	0.004248	0.313412	0.594500	0.907912
1.263597	298	0.004244	0.313215	0.594192	0.907407
1.267841	299	0.004239	0.313019	0.593883	0.906902
1.272079	300	0.004234	0.312825	0.593573	0.906397
1.276314	301	0.004230	0.312631	0.593261	0.905892
1.280544	302	0.004226	0.312439	0.592948	0.905387
1.284770	303	0.004222	0.312247	0.592634	0.904881
1.288992	304	0.004218	0.312057	0.592319	0.904376
1.293210	305	0.004215	0.311868	0.592002	0.903870
1.297425	306	0.004212	0.311680	0.591684	0.903363
1.301637	307	0.004209	0.311492	0.591365	0.902857
1.305846	308	0.004206	0.311306	0.591044	0.902350
1.310052	309	0.004204	0.311120	0.590723	0.901843
1.314255	310	0.004201	0.310936	0.590400	0.901335
1.318457	311	0.004200	0.310752	0.590076	0.900828
1.322656	312	0.004198	0.310569	0.589751	0.900319
1.326854	313	0.004197	0.310386	0.589424	0.899811
1.331051	314	0.004196	0.310205	0.589096	0.899301
1.335247	315	0.004195	0.310024	0.588768	0.898792
1.339442	316	0.004194	0.309844	0.588438	0.898282
1.343636	317	0.004194	0.309664	0.588107	0.897771
1.347830	318	0.004194	0.309485	0.587774	0.897260
1.352025	319	0.004195	0.309307	0.587441	0.896748
1.356220	320	0.004195	0.309130	0.587106	0.896235
1.360415	321	0.004196	0.308952	0.586770	0.895722
1.364611	322	0.004197	0.308776	0.586433	0.895209
1.368808	323	0.004199	0.308600	0.586095	0.894694
1.373007	324	0.004200	0.308424	0.585755	0.894179
1.377207	325	0.004202	0.308249	0.585414	0.893663
1.381409	326	0.004204	0.308074	0.585073	0.893147
1.385612	327	0.004206	0.307900	0.584730	0.892629
1.389819	328	0.004209	0.307726	0.584385	0.892111
1.394028	329	0.004212	0.307552	0.584040	0.891592
1.398239	330	0.004215	0.307379	0.583693	0.891072
1.402454	331	0.004218	0.307206	0.583345	0.890551
1.406672	332	0.004222	0.307033	0.582996	0.890030
1.410894	333	0.004226	0.306861	0.582646	0.889507
1.415119	334	0.004230	0.306689	0.582295	0.888983
1.419350	335	0.004227	0.306517	0.581942	0.888459
1.423577	336	0.004222	0.306346	0.581589	0.887934
1.427799	337	0.004218	0.306175	0.581235	0.887410
1.432017	338	0.004215	0.306005	0.580881	0.886885
1.436232	339	0.004209	0.305835	0.580526	0.886361
1.440442	340	0.004194	0.305666	0.580171	0.885837
1.444636	341	0.004180	0.305498	0.579817	0.885315
1.448816	342	0.004167	0.305330	0.579464	0.884794
1.452983	343	0.004155	0.305164	0.579111	0.884275
1.457138	344	0.004144	0.304999	0.578758	0.883757
1.461282	345	0.004134	0.304834	0.578406	0.883240
1.465416	346	0.004125	0.304670	0.578054	0.882724
1.469541	347	0.004115	0.304507	0.577702	0.882208
1.473656	348	0.004103	0.304344	0.577350	0.881694
1.477760	349	0.004092	0.304182	0.576999	0.881181
1.481852	350	0.004082	0.304021	0.576649	0.880670
1.485934	351	0.004074	0.303860	0.576299	0.880159
1.490008	352	0.004067	0.303700	0.575949	0.879649
1.494075	353	0.004061	0.303541	0.575599	0.879140
1.498136	354	0.004057	0.303382	0.575250	0.878631
1.502192	355	0.004054	0.303223	0.574900	0.878123
1.506246	356	0.004052	0.303064	0.574550	0.877615
1.510298	357	0.004052	0.302906	0.574200	0.877106
1.514349	358	0.004053	0.302748	0.573850	0.876598
1.518402	359	0.004041	0.302590	0.573499	0.876089
1.522444	360	0.004026	0.302433	0.573148	0.875581
1.526470	361	0.004013	0.302276	0.572799	0.875075
1.530483	362	0.004001	0.302120	0.572451	0.874571
1.534484	363	0.003990	0.301965	0.572103	0.874068
1.538474	364	0.003982	0.301810	0.571756	0.873566
1.542456	365	0.003974	0.301656	0.571410	0.873066
1.546430	366	0.003969	0.301502	0.571064	0.872566
1.550399	367	0.003965	0.301348	0.570718	0.872066
1.554364	368	0.003962	0.301195	0.570372	0.871567
1.558326	369	0.003962	0.301041	0.570026	0.871068
1.562288	370	0.003963	0.300888	0.569680	0.870569
1.566252	371	0.003967	0.300735	0.569334	0.870069
1.570219	372	0.003972	0.300581	0.568987	0.869569
1.574191	373	0.003979	0.300428	0.568640	0.869068
1.578170	374	0.003966	0.300274	0.568292	0.868565
1.582136	375	0.003954	0.300120	0.567944	0.868065
1.586091	376	0.003945	0.299967	0.567598	0.867565
1.590035	377	0.003937	0.299815	0.567253	0.867067
1.593972	378	0.003931	0.299662	0.566908	0.866570
1.597904	379	0.003928	0.299510	0.566563	0.866073
1.601832	380	0.003927	0.299358	0.566219	0.865577
1.605759	381	0.003928	0.299206	0.565874	0.865080
1.609687	382	0.003932	0.299054	0.565530	0.864583
1.613619	383	0.003938	0.298901	0.565185	0.864086
1.617557	384	0.003947	0.298748	0.564839	0.863588
1.621503	385	0.003958	0.298595	0.564493	0.863088
1.625461	386	0.003972	0.298441	0.564145	0.862586
1.629434	387	0.003965	0.298286	0.563796	0.862083
1.633399	388	0.003955	0.298132	0.563448	0.861580
1.637354	389	0.003949	0.297978	0.563101	0.861079
1.641303	390	0.003945	0.297824	0.562754	0.860578
1.645248	391	0.003944	0.297670	0.562408	0.860078
1.649192	392	0.003946	0.297516	0.562062	0.859578
1.653138	393	0.003951	0.297361	0.561716	0.859077
1.657090	394	0.003960	0.297207	0.561369	0.858575
1.661050	395	0.003972	0.297051	0.561021	0.858073
1.665021	396	0.003987	0.296895	0.560673	0.857568
1.669008	397	0.004005	0.296739	0.560323	0.857061
1.673013	398	0.004027	0.296581	0.559971	0.856552
1.677040	399	0.004047	0.296422	0.559618	0.856040
1.681086	400	0.004040	0.296262	0.559263	0.855525
1.685127	401	0.004038	0.296102	0.558908	0.855010
1.689165	402	0.004039	0.295942	0.558554	0.854496
1.693204	403	0.004044	0.295782	0.558200	0.853982
1.697248	404	0.004053	0.295621	0.557846	0.853467
1.701301	405	0.004066	0.295459	0.557491	0.852950
1.705367	406	0.004083	0.295297	0.557135	0.852432
1.709450	407	0.004104	0.295134	0.556777	0.851911
1.713554	408	0.004130	0.294970	0.556418	0.851387
1.717684	409	0.004160	0.294804	0.556056	0.850860
1.721843	410	0.004192	0.294636	0.555692	0.850329
1.726036	411	0.004192	0.294467	0.555326	0.849793
1.730228	412	0.004195	0.294298	0.554959	0.849257
1.734423	413	0.004201	0.294128	0.554592	0.848720
1.738623	414	0.004210	0.293958	0.554225	0.848183
1.742833	415	0.004222	0.293787	0.553858	0.847645
1.747055	416	0.004238	0.293615	0.553489	0.847104
1.751293	417	0.004256	0.293443	0.553119	0.846562
1.755549	418	0.004278	0.293269	0.552748	0.846017
1.759827	419	0.004303	0.293094	0.552375	0.845469
1.764130	420	0.004308	0.292917	0.552000	0.844917
1.768438	421	0.004310	0.292740	0.551625	0.844365
1.772748	422	0.004316	0.292563	0.551250	0.843813
1.777063	423	0.004325	0.292385	0.550874	0.843259
1.781388	424	0.004338	0.292206	0.550498	0.842705
1.785726	425	0.004355	0.292027	0.550122	0.842148
1.790081	426	0.004375	0.291846	0.549743	0.841589
1.794457	427	0.004388	0.291664	0.549364	0.841028
1.798845	428	0.004377	0.291481	0.548983	0.840464
1.803222	429	0.004366	0.291299	0.548604	0.839903
1.807587	430	0.004355	0.291117	0.548226	0.839343
1.811942	431	0.004344	0.290934	0.547850	0.838784
1.816287	432	0.004334	0.290752	0.547474	0.838227
1.820621	433	0.004324	0.290571	0.547100	0.837671
1.824946	434	0.004315	0.290389	0.546728	0.837117
1.829260	435	0.004305	0.290208	0.546356	0.836564
1.833565	436	0.004295	0.290026	0.545986	0.836012
1.837860	437	0.004285	0.289845	0.545617	0.835462
1.842144	438	0.004275	0.289664	0.545249	0.834914
1.846419	439	0.004266	0.289483	0.544883	0.834366
1.850685	440	0.004256	0.289303	0.544518	0.833820
1.854942	441	0.004248	0.289122	0.544154	0.833276
1.859189	442	0.004239	0.288942	0.543791	0.832733
1.863428	443	0.004230	0.288762	0.543429	0.832191
1.867659	444	0.004222	0.288581	0.543069	0.831650
1.871881	445	0.004214	0.288401	0.542709	0.831110
1.876095	446	0.004206	0.288221	0.542351	0.830572
1.880302	447	0.004199	0.288041	0.541993	0.830035
1.884500	448	0.004191	0.287862	0.541637	0.829499
1.888692	449	0.004184	0.287682	0.541282	0.828964
1.892876	450	0.004177	0.287502	0.540927	0.828430
1.897053	451	0.004170	0.287323	0.540574	0.827897
1.901224	452	0.004164	0.287143	0.540222	0.827365
1.905387	453	0.004157	0.286964	0.539871	0.826834
1.909545	454	0.004151	0.286784	0.539520	0.826304
1.913695	455	0.004145	0.286605	0.539171	0.825776
1.917840	456	0.004139	0.286425	0.538822	0.825248
1.921979	457	0.004133	0.286246	0.538475	0.824721
1.926111	458	0.004127	0.286067	0.538128	0.824195
1.930238	459	0.004122	0.285887	0.537782	0.823670
1.934360	460	0.004116	0.285708	0.537437	0.823145
1.938476	461	0.004111	0.285529	0.537093	0.822622
1.942587	462	0.004106	0.285350	0.536750	0.822100
1.946693	463	0.004101	0.285170	0.536408	0.821578
1.950794	464	0.004096	0.284991	0.536066	0.821057
1.954891	465	0.004092	0.284812	0.535725	0.820537
1.958982	466	0.004087	0.284632	0.535386	0.820018
1.963070	467	0.004083	0.284453	0.535046	0.819499
1.967153	468	0.004079	0.284273	0.534708	0.818982
1.971231	469	0.004075	0.284094	0.534371	0.818465
1.975306	470	0.004071	0.283914	0.534034	0.817948
1.979377	471	0.004067	0.283735	0.533698	0.817433
1.983444	472	0.004064	0.283555	0.533363	0.816918
1.987508	473	0.004060	0.283375	0.533029	0.816403
1.991568	474	0.004057	0.283195	0.532695	0.815890
1.995624	475	0.004053	0.283015	0.532362	0.815377
1.999678	476	0.004050	0.282835	0.532030	0.814865
2.003728	477	0.004047	0.282654	0.531698	0.814353
2.007775	478	0.004044	0.282474	0.531368	0.813842
2.011820	479	0.004042	0.282293	0.531038	0.813331
2.015862	480	0.004039	0.282113	0.530709	0.812821
2.019901	481	0.004037	0.281932	0.530380	0.812312
2.023937	482	0.004034	0.281751	0.530052	0.811803
2.027971	483	0.004032	0.281570	0.529725	0.811295
2.032003	484	0.004030	0.281388	0.529399	0.810787
2.036033	485	0.004028	0.281207	0.529073	0.810280
2.040061	486	0.004026	0.281025	0.528748	0.809773
2.044087	487	0.004024	0.280843	0.528423	0.809266
2.048112	488	0.004023	0.280661	0.528099	0.808761
2.052135	489	0.004021	0.280479	0.527776	0.808255
2.056156	490	0.004020	0.280296	0.527454	0.807750
2.060176	491	0.004019	0.280114	0.527132	0.807245
2.064195	492	0.004018	0.279931	0.526811	0.806741
2.068213	493	0.004017	0.279747	0.526490	0.806237
2.072231	494	0.004017	0.279564	0.526170	0.805734
2.076247	495	0.004016	0.279380	0.525850	0.805231
2.080264	496	0.004016	0.279196	0.525532	0.804728
2.084280	497	0.004016	0.279012	0.525213	0.804225
2.088296	498	0.004016	0.278828	0.524895	0.803723
2.092312	499	0.004017	0.278643	0.524578	0.803221
2.096329	500	0.004017	0.278458	0.524261	0.802719
2.100346	501	0.004018	0.278272	0.523945	0.802217
2.104365	502	0.004019	0.278087	0.523629	0.801716
2.108384	503	0.004021	0.277901	0.523314	0.801214
2.112405	504	0.004022	0.277714	0.522999	0.800713
2.116427	505	0.004024	0.277528	0.522684	0.800212
2.120452	506	0.004026	0.277340	0.522370	0.799711
2.124478	507	0.004026	0.277153	0.522056	0.799209
2.128503	508	0.004026	0.276965	0.521743	0.798708
2.132529	509	0.004026	0.276777	0.521431	0.798208
2.136555	510	0.004026	0.276589	0.521118	0.797708
2.140581	511	0.004027	0.276401	0.520807	0.797208
2.144608	512	0.004028	0.276212	0.520496	0.796708
2.148636	513	0.004029	0.276023	0.520185	0.796208
2.152665	514	0.004023	0.275834	0.519875	0.795709
2.156687	515	0.004017	0.275645	0.519566	0.795210
2.160704	516	0.004012	0.275455	0.519257	0.794713
2.164716	517	0.004007	0.275266	0.518950	0.794216
2.168723	518	0.004003	0.275077	0.518644	0.793721
2.172726	519	0.003999	0.274888	0.518338	0.793226
2.176725	520	0.003996	0.274699	0.518033	0.792733
2.180721	521	0.003993	0.274510	0.517729	0.792240
2.184715	522	0.003992	0.274321	0.517426	0.791747
2.188706	523	0.003990	0.274132	0.517124	0.791255
2.192697	524	0.003990	0.273942	0.516822	0.790764
2.196686	525	0.003990	0.273753	0.516520	0.790273
2.200676	526	0.003991	0.273563	0.516219	0.789782
2.204667	527	0.003993	0.273373	0.515918	0.789292
2.208660	528	0.003995	0.273183	0.515618	0.788801
2.212655	529	0.003998	0.272993	0.515318	0.788311
2.216653	530	0.003998	0.272802	0.515018	0.787820
2.220651	531	0.003993	0.272611	0.514719	0.787330
2.224644	532	0.003989	0.272420	0.514421	0.786841
2.228632	533	0.003985	0.272230	0.514123	0.786353
2.232618	534	0.003983	0.272039	0.513826	0.785865
2.236600	535	0.003981	0.271849	0.513530	0.785378
2.240581	536	0.003980	0.271658	0.513234	0.784892
2.244561	537	0.003980	0.271467	0.512939	0.784406
2.248541	538	0.003980	0.271277	0.512644	0.783921
2.252522	539	0.003982	0.271086	0.512350	0.783435
2.256504	540	0.003984	0.270895	0.512056	0.782950
2.260488	541	0.003988	0.270703	0.511762	0.782465
2.264476	542	0.003992	0.270512	0.511468	0.781980
2.268468	543	0.003997	0.270320	0.511174	0.781494
2.272465	544	0.004004	0.270128	0.510880	0.781008
2.276469	545	0.004011	0.269936	0.510586	0.780522
2.280480	546	0.004019	0.269743	0.510292	0.780035
2.284499	547	0.004019	0.269550	0.509998	0.779548
2.288518	548	0.004018	0.269356	0.509704	0.779060
2.292535	549	0.004018	0.269163	0.509411	0.778574
2.296553	550	0.004019	0.268970	0.509117	0.778087
2.300571	551	0.004020	0.268777	0.508825	0.777601
2.304592	552	0.004023	0.268583	0.508532	0.777115
2.308615	553	0.004027	0.268390	0.508239	0.776629
2.312642	554	0.004032	0.268196	0.507947	0.776143
2.316674	555	0.004038	0.268002	0.507654	0.775656
2.320712	556	0.004045	0.267808	0.507361	0.775169
2.324757	557	0.004053	0.267613	0.507069	0.774682
2.328810	558	0.004062	0.267419	0.506775	0.774194
2.332871	559	0.004072	0.267223	0.506482	0.773705
2.336943	560	0.004083	0.267028	0.506187	0.773215
2.341026	561	0.004089	0.266831	0.505893	0.772724
2.345116	562	0.004090	0.266635	0.505598	0.772233
2.349206	563	0.004092	0.266439	0.505303	0.771742
2.353298	564	0.004095	0.266242	0.505009	0.771251
2.357393	565	0.004099	0.266046	0.504714	0.770760
2.361492	566	0.004104	0.265849	0.504420	0.770269
2.365596	567	0.004110	0.265652	0.504125	0.769778
2.369706	568	0.004118	0.265456	0.503830	0.769286
2.373824	569	0.004127	0.265258	0.503535	0.768793
2.377951	570	0.004136	0.265061	0.503240	0.768300
2.382087	571	0.004135	0.264863	0.502944	0.767806
2.386222	572	0.004135	0.264665	0.502648	0.767313
2.390358	573	0.004138	0.264468	0.502352	0.766820
2.394495	574	0.004142	0.264270	0.502057	0.766327
2.398638	575	0.004148	0.264073	0.501761	0.765834
2.402786	576	0.004156	0.263875	0.501466	0.765341
2.406942	577	0.004166	0.263677	0.501169	0.764846
2.411108	578	0.004178	0.263479	0.500873	0.764352
2.415286	579	0.004192	0.263280	0.500575	0.763855
2.419478	580	0.004207	0.263081	0.500277	0.763358
2.423685	581	0.004225	0.262881	0.499978	0.762859
2.427911	582	0.004227	0.262681	0.499678	0.762358
2.432137	583	0.004223	0.262480	0.499378	0.761858
2.436361	584	0.004222	0.262280	0.499078	0.761358
2.440583	585	0.004223	0.262080	0.498779	0.760859
2.444806	586	0.004226	0.261881	0.498479	0.760360
2.449032	587	0.004232	0.261681	0.498180	0.759861
2.453264	588	0.004239	0.261481	0.497881	0.759362
2.457503	589	0.004249	0.261282	0.497581	0.758862
2.461752	590	0.004260	0.261082	0.497280	0.758362
2.466012	591	0.004275	0.260881	0.496979	0.757860
2.470287	592	0.004291	0.260680	0.496678	0.757358
2.474578	593	0.004310	0.260479	0.496375	0.756853
2.478887	594	0.004313	0.260276	0.496071	0.756347
2.483201	595	0.004310	0.260074	0.495767	0.755841
2.487510	596	0.004309	0.259872	0.495463	0.755335
2.491820	597	0.004311	0.259671	0.495159	0.754830
2.496130	598	0.004315	0.259469	0.494856	0.754325
2.500445	599	0.004321	0.259268	0.494553	0.753821
2.504767	600	0.004331	0.259066	0.494249	0.753316
2.509097	601	0.004342	0.258865	0.493945	0.752810
2.513439	602	0.004356	0.258663	0.493640	0.752303
2.517796	603	0.004373	0.258460	0.493335	0.751795
2.522169	604	0.004393	0.258257	0.493028	0.751285
2.526561	605	0.004410	0.258053	0.492720	0.750773
2.530971	606	0.004406	0.257848	0.492411	0.750260
2.535377	607	0.004405	0.257644	0.492103	0.749747
2.539783	608	0.004407	0.257441	0.491795	0.749235
2.544190	609	0.004411	0.257237	0.491487	0.748724
2.548601	610	0.004419	0.257033	0.491179	0.748212
2.553020	611	0.004428	0.256829	0.490871	0.747700
2.557448	612	0.004441	0.256625	0.490562	0.747187
2.561889	613	0.004456	0.256421	0.490252	0.746673
2.566346	614	0.004468	0.256216	0.489942	0.746158
2.570813	615	0.004482	0.256011	0.489631	0.745642
2.575295	616	0.004500	0.255805	0.489319	0.745124
2.579795	617	0.004515	0.255598	0.489006	0.744605
2.584310	618	0.004499	0.255391	0.488693	0.744084
2.588809	619	0.004487	0.255185	0.488381	0.743566
2.593296	620	0.004480	0.254980	0.488070	0.743050
2.597776	621	0.004477	0.254775	0.487759	0.742535
2.602253	622	0.004478	0.254571	0.487450	0.742021
2.606731	623	0.004484	0.254367	0.487140	0.741507
2.611215	624	0.004493	0.254163	0.486831	0.740993
2.615708	625	0.004507	0.253958	0.486521	0.740479
2.620215	626	0.004525	0.253753	0.486210	0.739963
2.624740	627	0.004547	0.253547	0.485898	0.739446
2.629288	628	0.004561	0.253341	0.485585	0.738926
2.633849	629	0.004565	0.253133	0.485272	0.738405
2.638415	630	0.004570	0.252926	0.484958	0.737884
2.642984	631	0.004570	0.252719	0.484644	0.737363
2.647554	632	0.004574	0.252512	0.484331	0.736843
2.652128	633	0.004584	0.252305	0.484018	0.736322
2.656712	634	0.004592	0.252097	0.483704	0.735801
2.661304	635	0.004598	0.251890	0.483390	0.735280
2.665902	636	0.004605	0.251682	0.483076	0.734758
2.670507	637	0.004612	0.251474	0.482762	0.734236
2.675119	638	0.004620	0.251266	0.482447	0.733713
2.679740	639	0.004628	0.251057	0.482133	0.733190
2.684368	640	0.004626	0.250849	0.481818	0.732667
2.688993	641	0.004626	0.250640	0.481504	0.732144
2.693619	642	0.004632	0.250432	0.481190	0.731622
2.698251	643	0.004645	0.250224	0.480876	0.731100
2.702895	644	0.004663	0.250015	0.480561	0.730576
2.707558	645	0.004681	0.249805	0.480246	0.730051
2.712240	646	0.004691	0.249595	0.479930	0.729525
2.716930	647	0.004701	0.249384	0.479613	0.728997
2.721631	648	0.004711	0.249173	0.479296	0.728469
2.726342	649	0.004722	0.248962	0.478978	0.727940
2.731064	650	0.004733	0.248750	0.478661	0.727411
2.735797	651	0.004744	0.248538	0.478342	0.726880
2.740541	652	0.004755	0.248326	0.478024	0.726349
2.745296	653	0.004767	0.248113	0.477705	0.725817
2.750063	654	0.004779	0.247900	0.477385	0.725285
2.754842	655	0.004791	0.247686	0.477065	0.724751
2.759633	656	0.004803	0.247472	0.476744	0.724216
2.764436	657	0.004813	0.247257	0.476424	0.723681
2.769248	658	0.004815	0.247042	0.476102	0.723144
2.774064	659	0.004822	0.246827	0.475781	0.722609
2.778886	660	0.004829	0.246612	0.475460	0.722072
2.783714	661	0.004832	0.246397	0.475139	0.721536
2.788546	662	0.004836	0.246182	0.474818	0.721000
2.793383	663	0.004842	0.245967	0.474497	0.720464
2.798224	664	0.004848	0.245751	0.474176	0.719927
2.803073	665	0.004834	0.245536	0.473855	0.719391
2.807906	666	0.004817	0.245321	0.473535	0.718856
2.812723	667	0.004801	0.245107	0.473218	0.718325
2.817524	668	0.004787	0.244894	0.472901	0.717796
2.822311	669	0.004774	0.244682	0.472586	0.717268
2.827085	670	0.004763	0.244471	0.472272	0.716743
2.831848	671	0.004753	0.244260	0.471960	0.716220
2.836601	672	0.004744	0.244050	0.471649	0.715699
2.841345	673	0.004737	0.243841	0.471338	0.715179
2.846081	674	0.004731	0.243632	0.471029	0.714660
2.850812	675	0.004727	0.243423	0.470720	0.714143
2.855539	676	0.004724	0.243214	0.470412	0.713627
2.860263	677	0.004723	0.243006	0.470105	0.713111
2.864986	678	0.004723	0.242798	0.469798	0.712597
2.869709	679	0.004725	0.242590	0.469492	0.712082
2.874434	680	0.004729	0.242382	0.469186	0.711568
2.879163	681	0.004734	0.242174	0.468880	0.711054
2.883897	682	0.004741	0.241966	0.468575	0.710540
2.888638	683	0.004750	0.241757	0.468269	0.710026
2.893388	684	0.004761	0.241548	0.467963	0.709511
2.898149	685	0.004770	0.241339	0.467657	0.708996
2.902919	686	0.004781	0.241129	0.467351	0.708479
2.907700	687	0.004794	0.240918	0.467044	0.707963
2.912494	688	0.004809	0.240708	0.466737	0.707445
2.917303	689	0.004825	0.240496	0.466430	0.706926
2.922129	690	0.004844	0.240284	0.466122	0.706406
2.926972	691	0.004864	0.240070	0.465813	0.705884
2.931836	692	0.004886	0.239856	0.465504	0.705360
2.936723	693	0.004911	0.239641	0.465194	0.704835
2.941633	694	0.004913	0.239425	0.464882	0.704307
2.946546	695	0.004886	0.239208	0.464571	0.703779
2.951432	696	0.004862	0.238993	0.464262	0.703255
2.956294	697	0.004840	0.238779	0.463956	0.702735
2.961134	698	0.004821	0.238566	0.463652	0.702218
2.965955	699	0.004804	0.238354	0.463349	0.701703
2.970759	700	0.004790	0.238142	0.463049	0.701191
2.975548	701	0.004778	0.237931	0.462749	0.700681
2.980326	702	0.004768	0.237721	0.462452	0.700173
2.985094	703	0.004761	0.237511	0.462155	0.699666
2.989855	704	0.004756	0.237301	0.461860	0.699161
2.994610	705	0.004753	0.237092	0.461566	0.698658
2.999363	706	0.004753	0.236883	0.461272	0.698155
3.004116	707	0.004755	0.236673	0.460979	0.697652
3.008871	708	0.004759	0.236463	0.460687	0.697150
3.013629	709	0.004765	0.236253	0.460395	0.696648
3.018394	710	0.004774	0.236043	0.460103	0.696146
3.023168	711	0.004785	0.235832	0.459811	0.695643
3.027954	712	0.004799	0.235621	0.459519	0.695140
3.032752	713	0.004814	0.235408	0.459227	0.694636
3.037566	714	0.004832	0.235195	0.458935	0.694130
3.042399	715	0.004853	0.234981	0.458642	0.693624
3.047252	716	0.004876	0.234766	0.458349	0.693115
3.052128	717	0.004898	0.234550	0.458055	0.692604
3.057025	718	0.004922	0.234332	0.457760	0.692092
3.061948	719	0.004949	0.234113	0.457465	0.691578
3.066897	720	0.004978	0.233893	0.457168	0.691061
3.071875	721	0.005010	0.233671	0.456870	0.690541
3.076886	722	0.005045	0.233447	0.456572	0.690018
3.081930	723	0.005053	0.233221	0.456271	0.689493
3.086983	724	0.005037	0.232995	0.455972	0.688967
3.092021	725	0.005026	0.232770	0.455674	0.688443
3.097046	726	0.005019	0.232545	0.455377	0.687922
3.102065	727	0.005014	0.232319	0.455082	0.687401
3.107079	728	0.005006	0.232094	0.454788	0.686882
3.112085	729	0.005001	0.231870	0.454496	0.686365
3.117086	730	0.004997	0.231645	0.454204	0.685849
3.122083	731	0.004994	0.231420	0.453914	0.685334
3.127077	732	0.004992	0.231195	0.453625	0.684819
3.132069	733	0.004991	0.230970	0.453337	0.684306
3.137060	734	0.004992	0.230744	0.453049	0.683794
3.142052	735	0.004996	0.230519	0.452763	0.683282
3.147048	736	0.005004	0.230293	0.452477	0.682770
3.152052	737	0.005014	0.230066	0.452192	0.682258
3.157066	738	0.005028	0.229838	0.451907	0.681745
3.162094	739	0.005044	0.229610	0.451622	0.681232
3.167138	740	0.005064	0.229381	0.451337	0.680718
3.172202	741	0.005086	0.229150	0.451052	0.680202
3.177288	742	0.005105	0.228918	0.450766	0.679684
3.182394	743	0.005127	0.228685	0.450480	0.679165
3.187521	744	0.005151	0.228451	0.450193	0.678644
3.192672	745	0.005178	0.228215	0.449907	0.678122
3.197850	746	0.005208	0.227978	0.449619	0.677597
3.203059	747	0.005237	0.227739	0.449331	0.677069
3.208296	748	0.005234	0.227498	0.449041	0.676540
3.213529	749	0.005225	0.227257	0.448753	0.676011
3.218754	750	0.005220	0.227017	0.448467	0.675484
3.223974	751	0.005220	0.226776	0.448182	0.674958
3.229194	752	0.005220	0.226536	0.447897	0.674433
3.234414	753	0.005213	0.226295	0.447614	0.673909
3.239627	754	0.005211	0.226054	0.447332	0.673386
3.244838	755	0.005213	0.225814	0.447050	0.672864
3.250051	756	0.005218	0.225573	0.446770	0.672343
3.255269	757	0.005228	0.225331	0.446490	0.671822
3.260497	758	0.005234	0.225089	0.446211	0.671300
3.265731	759	0.005238	0.224847	0.445932	0.670779
3.270969	760	0.005234	0.224605	0.445653	0.670258
3.276203	761	0.005229	0.224362	0.445376	0.669738
3.281432	762	0.005227	0.224120	0.445099	0.669219
3.286660	763	0.005229	0.223877	0.444824	0.668701
3.291889	764	0.005235	0.223635	0.444549	0.668184
3.297123	765	0.005238	0.223392	0.444275	0.667667
3.302362	766	0.005244	0.223149	0.444001	0.667150
3.307606	767	0.005253	0.222906	0.443728	0.666634
3.312858	768	0.005265	0.222663	0.443454	0.666117
3.318123	769	0.005280	0.222418	0.443181	0.665600
3.323403	770	0.005298	0.222174	0.442908	0.665082
3.328701	771	0.005320	0.221928	0.442634	0.664562
3.334020	772	0.005340	0.221681	0.442360	0.664041
3.339360	773	0.005349	0.221434	0.442086	0.663519
3.344710	774	0.005349	0.221186	0.441811	0.662997
3.350058	775	0.005352	0.220938	0.441537	0.662475
3.355410	776	0.005359	0.220690	0.441264	0.661954
3.360768	777	0.005363	0.220442	0.440991	0.661433
3.366131	778	0.005356	0.220194	0.440718	0.660912
3.371487	779	0.005347	0.219947	0.440446	0.660392
3.376834	780	0.005342	0.219700	0.440175	0.659875
3.382176	781	0.005341	0.219454	0.439905	0.659358
3.387517	782	0.005344	0.219208	0.439635	0.658843
3.392861	783	0.005349	0.218962	0.439366	0.658328
3.398210	784	0.005348	0.218716	0.439096	0.657813
3.403558	785	0.005351	0.218471	0.438828	0.657299
3.408908	786	0.005357	0.218226	0.438559	0.656785
3.414266	787	0.005368	0.217980	0.438291	0.656271
3.419634	788	0.005383	0.217735	0.438022	0.655757
3.425018	789	0.005403	0.217490	0.437753	0.655242
3.430420	790	0.005426	0.217243	0.437483	0.654726
3.435846	791	0.005453	0.216997	0.437212	0.654208
3.441299	792	0.005448	0.216749	0.436940	0.653689
3.446748	793	0.005434	0.216502	0.436668	0.653170
3.452182	794	0.005424	0.216256	0.436398	0.652654
3.457605	795	0.005417	0.216011	0.436128	0.652139
3.463023	796	0.005415	0.215767	0.435859	0.651626
3.468438	797	0.005417	0.215524	0.435590	0.651114
3.473855	798	0.005414	0.215281	0.435321	0.650602
3.479270	799	0.005410	0.215039	0.435052	0.650091
3.484680	800	0.005410	0.214798	0.434784	0.649581
3.490090	801	0.005414	0.214557	0.434515	0.649072
3.495504	802	0.005423	0.214317	0.434247	0.648564
3.500927	803	0.005436	0.214076	0.433978	0.648055
3.506363	804	0.005439	0.213836	0.433709	0.647545
3.511802	805	0.005443	0.213597	0.433439	0.647036
3.517245	806	0.005443	0.213358	0.433169	0.646527
3.522688	807	0.005446	0.213120	0.432900	0.646019
3.528134	808	0.005454	0.212882	0.432630	0.645512
3.533588	809	0.005462	0.212645	0.432359	0.645004
3.539050	810	0.005466	0.212408	0.432088	0.644496
3.544516	811	0.005475	0.212171	0.431817	0.643988
3.549991	812	0.005487	0.211935	0.431545	0.643481
3.555478	813	0.005504	0.211699	0.431273	0.642972
3.560982	814	0.005521	0.211464	0.430999	0.642463
3.566503	815	0.005520	0.211228	0.430724	0.641952
3.572023	816	0.005522	0.210993	0.430450	0.641443
3.577545	817	0.005528	0.210759	0.430175	0.640934
3.583073	818	0.005528	0.210525	0.429899	0.640425
3.588601	819	0.005530	0.210293	0.429624	0.639916
3.594131	820	0.005527	0.210061	0.429348	0.639408
3.599658	821	0.005528	0.209830	0.429072	0.638902
3.605186	822	0.005532	0.209600	0.428796	0.638395
3.610718	823	0.005540	0.209370	0.428519	0.637889
3.616258	824	0.005551	0.209141	0.428242	0.637383
3.621810	825	0.005566	0.208913	0.427964	0.636876
3.627376	826	0.005584	0.208684	0.427685	0.636369
3.632960	827	0.005590	0.208456	0.427404	0.635860
3.638549	828	0.005592	0.208229	0.427123	0.635352
3.644141	829	0.005596	0.208002	0.426842	0.634844
3.649737	830	0.005602	0.207776	0.426561	0.634337
3.655339	831	0.005610	0.207551	0.426278	0.633829
3.660950	832	0.005596	0.207326	0.425995	0.633321
3.666546	833	0.005576	0.207103	0.425713	0.632816
3.672122	834	0.005558	0.206881	0.425431	0.632313
3.677679	835	0.005541	0.206661	0.425151	0.631812
3.683220	836	0.005520	0.206443	0.424870	0.631314
3.688739	837	0.005501	0.206227	0.424591	0.630818
3.694240	838	0.005485	0.206012	0.424313	0.630324
3.699725	839	0.005471	0.205798	0.424035	0.629833
3.705196	840	0.005460	0.205587	0.423757	0.629344
3.710656	841	0.005450	0.205376	0.423481	0.628857
3.716107	842	0.005443	0.205167	0.423204	0.628371
3.721550	843	0.005438	0.204959	0.422927	0.627886
3.726988	844	0.005432	0.204751	0.422651	0.627402
3.732421	845	0.005425	0.204545	0.422374	0.626920
3.737846	846	0.005420	0.204340	0.422098	0.626438
3.743266	847	0.005418	0.204136	0.421822	0.625958
3.748684	848	0.005418	0.203933	0.421545	0.625479
3.754103	849	0.005421	0.203731	0.421269	0.625000
3.759523	850	0.005426	0.203530	0.420992	0.624521
3.764949	851	0.005428	0.203329	0.420714	0.624043
3.770377	852	0.005432	0.203128	0.420436	0.623565
3.775809	853	0.005437	0.202929	0.420158	0.623087
3.781246	854	0.005446	0.202730	0.419879	0.622609
3.786692	855	0.005457	0.202531	0.419600	0.622131
3.792149	856	0.005464	0.202333	0.419319	0.621653
3.797613	857	0.005472	0.202136	0.419038	0.621174
3.803085	858	0.005483	0.201938	0.418757	0.620695
3.808567	859	0.005497	0.201742	0.418474	0.620216
3.814064	860	0.005513	0.201545	0.418191	0.619736
3.819578	861	0.005533	0.201349	0.417907	0.619255
3.825111	862	0.005556	0.201152	0.417621	0.618773
3.830666	863	0.005573	0.200956	0.417334	0.618290
3.836239	864	0.005571	0.200760	0.417045	0.617805
3.841811	865	0.005547	0.200564	0.416757	0.617321
3.847358	866	0.005526	0.200371	0.416470	0.616840
3.852884	867	0.005509	0.200178	0.416183	0.616362
3.858393	868	0.005494	0.199988	0.415898	0.615885
3.863888	869	0.005481	0.199798	0.415613	0.615411
3.869369	870	0.005462	0.199610	0.415328	0.614938
3.874831	871	0.005447	0.199423	0.415045	0.614468
3.880278	872	0.005435	0.199238	0.414762	0.614000
3.885713	873	0.005426	0.199054	0.414479	0.613533
3.891138	874	0.005420	0.198871	0.414197	0.613068
3.896559	875	0.005418	0.198689	0.413915	0.612604
3.901976	876	0.005418	0.198507	0.413633	0.612140
3.907395	877	0.005415	0.198327	0.413351	0.611677
3.912809	878	0.005412	0.198147	0.413069	0.611215
3.918221	879	0.005412	0.197968	0.412786	0.610754
3.923633	880	0.005416	0.197790	0.412504	0.610293
3.929050	881	0.005424	0.197612	0.412221	0.609833
3.934474	882	0.005435	0.197435	0.411937	0.609372
3.939909	883	0.005449	0.197258	0.411653	0.608911
3.945358	884	0.005467	0.197081	0.411367	0.608449
3.950824	885	0.005484	0.196905	0.411081	0.607986
3.956309	886	0.005500	0.196729	0.410793	0.607522
3.961809	887	0.005520	0.196553	0.410504	0.607057
3.967329	888	0.005543	0.196377	0.410214	0.606591
3.972872	889	0.005570	0.196201	0.409922	0.606123
3.978442	890	0.005601	0.196025	0.409629	0.605654
3.984043	891	0.005636	0.195849	0.409333	0.605182
3.989679	892	0.005674	0.195672	0.409036	0.604708
3.995352	893	0.005679	0.195495	0.408736	0.604231
4.001031	894	0.005656	0.195319	0.408435	0.603754
4.006687	895	0.005625	0.195144	0.408136	0.603280
4.012312	896	0.005596	0.194971	0.407838	0.602809
4.017909	897	0.005569	0.194799	0.407541	0.602341
4.023478	898	0.005544	0.194630	0.407246	0.601876
4.029022	899	0.005520	0.194462	0.406952	0.601414
4.034542	900	0.005499	0.194296	0.406659	0.600954
4.040041	901	0.005479	0.194131	0.406367	0.600498
4.045520	902	0.005461	0.193967	0.406076	0.600043
4.050980	903	0.005445	0.193805	0.405785	0.599590
4.056425	904	0.005431	0.193644	0.405495	0.599140
4.061857	905	0.005419	0.193485	0.405206	0.598691
4.067276	906	0.005409	0.193326	0.404917	0.598244
4.072684	907	0.005400	0.193169	0.404629	0.597798
4.078085	908	0.005394	0.193012	0.404341	0.597353
4.083479	909	0.005389	0.192857	0.404052	0.596910
4.088868	910	0.005385	0.192703	0.403764	0.596467
4.094253	911	0.005384	0.192549	0.403476	0.596025
4.099637	912	0.005383	0.192396	0.403188	0.595584
4.105020	913	0.005384	0.192244	0.402899	0.595143
4.110403	914	0.005386	0.192093	0.402610	0.594703
4.115789	915	0.005383	0.191942	0.402321	0.594263
4.121172	916	0.005377	0.191793	0.402032	0.593824
4.126549	917	0.005371	0.191644	0.401742	0.593386
4.131920	918	0.005367	0.191496	0.401453	0.592949
4.137287	919	0.005362	0.191349	0.401164	0.592513
4.142649	920	0.005358	0.191203	0.400874	0.592077
4.148007	921	0.005355	0.191058	0.400585	0.591643
4.153362	922	0.005352	0.190914	0.400296	0.591209
4.158714	923	0.005349	0.190770	0.400006	0.590776
4.164063	924	0.005347	0.190627	0.399717	0.590344
4.169410	925	0.005346	0.190485	0.399427	0.589912
4.174756	926	0.005345	0.190344	0.399137	0.589481
4.180102	927	0.005345	0.190204	0.398847	0.589051
4.185447	928	0.005346	0.190064	0.398556	0.588621
4.190793	929	0.005348	0.189926	0.398266	0.588191
4.196141	930	0.005340	0.189787	0.397975	0.587762
4.201481	931	0.005331	0.189650	0.397684	0.587334
4.206812	932	0.005323	0.189514	0.397393	0.586907
4.212135	933	0.005317	0.189378	0.397103	0.586481
4.217452	934	0.005312	0.189244	0.396813	0.586056
4.222764	935	0.005308	0.189110	0.396522	0.585633
4.228072	936	0.005306	0.188977	0.396232	0.585210
4.233378	937	0.005305	0.188845	0.395942	0.584787
4.238683	938	0.005306	0.188714	0.395652	0.584365
4.243989	939	0.005309	0.188583	0.395361	0.583944
4.249299	940	0.005313	0.188452	0.395070	0.583523
4.254612	941	0.005319	0.188323	0.394779	0.583101
4.259931	942	0.005327	0.188194	0.394487	0.582680
4.265258	943	0.005336	0.188065	0.394194	0.582259
4.270595	944	0.005347	0.187936	0.393901	0.581837
4.275942	945	0.005360	0.187808	0.393607	0.581415
4.281302	946	0.005375	0.187681	0.393312	0.580993
4.286677	947	0.005391	0.187553	0.393016	0.580569
4.292068	948	0.005409	0.187426	0.392719	0.580145
4.297477	949	0.005423	0.187299	0.392421	0.579720
4.302901	950	0.005435	0.187172	0.392121	0.579294
4.308336	951	0.005449	0.187046	0.391821	0.578867
4.313784	952	0.005463	0.186919	0.391520	0.578440
4.319248	953	0.005479	0.186794	0.391219	0.578012
4.324727	954	0.005496	0.186668	0.390916	0.577583
4.330223	955	0.005515	0.186542	0.390612	0.577154
4.335738	956	0.005534	0.186417	0.390306	0.576723
4.341272	957	0.005555	0.186291	0.390000	0.576291
4.346827	958	0.005567	0.186166	0.389692	0.575858
4.352394	959	0.005571	0.186041	0.389384	0.575425
4.357966	960	0.005576	0.185917	0.389075	0.574992
4.363542	961	0.005580	0.185793	0.388766	0.574559
4.369121	962	0.005578	0.185669	0.388456	0.574126
4.374699	963	0.005576	0.185546	0.388147	0.573693
4.380276	964	0.005575	0.185424	0.387838	0.573262
4.385850	965	0.005573	0.185302	0.387528	0.572831
4.391423	966	0.005571	0.185181	0.387219	0.572400
4.396995	967	0.005570	0.185061	0.386910	0.571971
4.402564	968	0.005568	0.184941	0.386601	0.571542
4.408132	969	0.005566	0.184821	0.386292	0.571113
4.413699	970	0.005565	0.184702	0.385983	0.570686
4.419263	971	0.005563	0.184584	0.385675	0.570259
4.424826	972	0.005561	0.184466	0.385366	0.569832
4.430387	973	0.005559	0.184349	0.385057	0.569406
4.435946	974	0.005557	0.184232	0.384749	0.568981
4.441504	975	0.005556	0.184116	0.384441	0.568557
4.447059	976	0.005554	0.184000	0.384133	0.568133
4.452613	977	0.005552	0.183885	0.383825	0.567710
4.458165	978	0.005550	0.183770	0.383517	0.567287
4.463714	979	0.005548	0.183656	0.383209	0.566865
4.469262	980	0.005544	0.183542	0.382902	0.566444
4.474806	981	0.005541	0.183429	0.382594	0.566023
4.480347	982	0.005537	0.183316	0.382287	0.565604
4.485884	983	0.005534	0.183204	0.381981	0.565185
4.491418	984	0.005530	0.183093	0.381674	0.564767
4.496948	985	0.005527	0.182981	0.381368	0.564349
4.502475	986	0.005523	0.182871	0.381062	0.563933
4.507998	987	0.005520	0.182760	0.380756	0.563517
4.513518	988	0.005517	0.182651	0.380451	0.563102
4.519035	989	0.005513	0.182541	0.380146	0.562687
4.524548	990	0.005510	0.182432	0.379841	0.562274
4.530059	991	0.005507	0.182324	0.379537	0.561861
4.535565	992	0.005504	0.182216	0.379232	0.561448
4.541069	993	0.005500	0.182108	0.378929	0.561037
4.546570	994	0.005497	0.182001	0.378625	0.560626
4.552067	995	0.005494	0.181894	0.378322	0.560216
4.557561	996	0.005491	0.181788	0.378019	0.559807
4.563052	997	0.005488	0.181682	0.377716	0.559398
4.568540	998	0.005485	0.181576	0.377414	0.558990
4.574025	999	0.005482	0.181471	0.377112	0.558583
4.579507	1000	0.005479	0.181366	0.376810	0.558176
4.584986	1001	0.005476	0.181262	0.376509	0.557771
4.590462	1002	0.005473	0.181158	0.376208	0.557365
4.595934	1003	0.005470	0.181054	0.375907	0.556961
4.601405	1004	0.005467	0.180951	0.375606	0.556557
4.606872	1005	0.005464	0.180847	0.375306	0.556154
4.612336	1006	0.005460	0.180745	0.375007	0.555751
4.617795	1007	0.005455	0.180642	0.374708	0.555350
4.623251	1008	0.005451	0.180540	0.374409	0.554949
4.628702	1009	0.005447	0.180438	0.374110	0.554549
4.634150	1010	0.005444	0.180337	0.373812	0.554149
4.639593	1011	0.005440	0.180236	0.373515	0.553751
4.645033	1012	0.005436	0.180135	0.373218	0.553353
4.650469	1013	0.005433	0.180035	0.372921	0.552955
4.655902	1014	0.005429	0.179934	0.372625	0.552559
4.661331	1015	0.005426	0.179834	0.372329	0.552163
4.666757	1016	0.005423	0.179735	0.372033	0.551768
4.672180	1017	0.005420	0.179635	0.371738	0.551373
4.677599	1018	0.005417	0.179536	0.371444	0.550980
4.683016	1019	0.005414	0.179437	0.371150	0.550586
4.688430	1020	0.005411	0.179338	0.370856	0.550194
4.693841	1021	0.005409	0.179239	0.370562	0.549802
4.699250	1022	0.005406	0.179141	0.370269	0.549410
4.704656	1023	0.005404	0.179043	0.369977	0.549020
4.710060	1024	0.005402	0.178945	0.369685	0.548629
4.715462	1025	0.005400	0.178847	0.369393	0.548240
4.720862	1026	0.005398	0.178749	0.369102	0.547851
4.726260	1027	0.005396	0.178652	0.368811	0.547462
4.731656	1028	0.005395	0.178554	0.368520	0.547074
4.737051	1029	0.005394	0.178457	0.368230	0.546687
4.742445	1030	0.005392	0.178360	0.367940	0.546300
4.747837	1031	0.005391	0.178263	0.367651	0.545913
4.753228	1032	0.005390	0.178166	0.367361	0.545527
4.758618	1033	0.005389	0.178069	0.367073	0.545142
4.764008	1034	0.005389	0.177972	0.366784	0.544757
4.769397	1035	0.005388	0.177876	0.366496	0.544372
4.774785	1036	0.005388	0.177779	0.366209	0.543988
4.780173	1037	0.005388	0.177683	0.365921	0.543604
4.785560	1038	0.005388	0.177586	0.365634	0.543221
4.790948	1039	0.005388	0.177490	0.365348	0.542838
4.796336	1040	0.005388	0.177394	0.365061	0.542455
4.801724	1041	0.005389	0.177298	0.364775	0.542073
4.807113	1042	0.005389	0.177201	0.364489	0.541691
4.812502	1043	0.005390	0.177105	0.364204	0.541309
4.817892	1044	0.005391	0.177009	0.363919	0.540928
4.823283	1045	0.005392	0.176913	0.363634	0.540547
4.828675	1046	0.005393	0.176817	0.363350	0.540167
4.834068	1047	0.005395	0.176721	0.363065	0.539786
4.839462	1048	0.005396	0.176625	0.362781	0.539406
4.844859	1049	0.005398	0.176529	0.362498	0.539026
4.850257	1050	0.005400	0.176433	0.362214	0.538647
4.855657	1051	0.005402	0.176337	0.361931	0.538268
4.861059	1052	0.005404	0.176240	0.361648	0.537889
4.866463	1053	0.005407	0.176144	0.361365	0.537510
4.871870	1054	0.005409	0.176048	0.361083	0.537131
4.877280	1055	0.005412	0.175952	0.360801	0.536753
4.882692	1056	0.005415	0.175855	0.360519	0.536374
4.888107	1057	0.005418	0.175759	0.360237	0.535996
4.893525	1058	0.005421	0.175663	0.359956	0.535618
4.898947	1059	0.005425	0.175566	0.359674	0.535240
4.904371	1060	0.005428	0.175469	0.359393	0.534863
4.909800	1061	0.005432	0.175373	0.359113	0.534485
4.915232	1062	0.005436	0.175276	0.358832	0.534108
4.920668	1063	0.005440	0.175179	0.358552	0.533731
4.926108	1064	0.005444	0.175082	0.358271	0.533353
4.931552	1065	0.005448	0.174985	0.357991	0.532976
4.937001	1066	0.005453	0.174888	0.357712	0.532599
4.942453	1067	0.005458	0.174790	0.357432	0.532222
4.947911	1068	0.005462	0.174693	0.357153	0.531846
4.953373	1069	0.005467	0.174595	0.356873	0.531469
4.958841	1070	0.005472	0.174497	0.356594	0.531092
4.964313	1071	0.005477	0.174400	0.356316	0.530715
4.969790	1072	0.005483	0.174301	0.356037	0.530338
4.975273	1073	0.005488	0.174203	0.355758	0.529962
4.980762	1074	0.005494	0.174105	0.355480	0.529585
4.986256	1075	0.005500	0.174006	0.355202	0.529208
4.991755	1076	0.005506	0.173908	0.354924	0.528831
4.997261	1077	0.005512	0.173809	0.354646	0.528455
5.002773	1078	0.005518	0.173710	0.354368	0.528078
